image: /home/ros/m_ws/src/box_robot11/maps/demo_map.pgm
resolution: 0.010000
origin: [-20.000000, -20.000000, 0.000000]
negate: 0
occupied_thresh: 0.65
free_thresh: 0.196

